305
65655
32774
76353
17521
11427
23039
70104
20127
71012
76912
12208
53563
74104
25408
90154
46422
80432
5061
7160
81207
86737
24148
6152
39575
98666
39382
81355
48300
5427
93211
2017
50786
9182
64232
27107
99109
29597
23724
20781
58428
98000
2737
63526
34511
87400
5198
74189
89641
20061
88825
4162
47448
78473
96986
41902
80401
61983
28602
15055
58033
89515
36634
35364
39455
37672
81953
96050
70125
80600
58349
31121
52124
85603
68458
78582
17919
91951
7584
39613
43064
46199
87910
55602
12383
91372
42453
43228
15713
78437
83800
7943
24997
95940
73343
86957
38282
35367
70739
37441
34540
84551
47876
88727
73509
19633
85022
86803
4560
75967
46649
85741
66088
57202
20272
59293
24592
6029
19241
92584
63468
71633
45971
33191
37708
66193
97422
97681
36392
83473
51044
72933
34023
4352
7446
78070
58010
83311
37169
95218
79109
60173
3327
93777
55582
40928
15897
41751
32046
54722
11066
72325
61236
42582
80239
88323
49161
59973
55083
27682
50142
8826
6871
5425
56993
23830
25766
77311
40895
96240
17159
6663
18499
64749
64340
80189
38044
8408
59879
19571
72989
41598
95660
73512
77246
55272
93425
78830
90080
71062
3513
1238
65518
32661
42992
59962
65023
52668
22682
74599
27159
50889
74213
29733
32941
53299
99932
81413
79464
67691
84765
17254
6018
97044
69762
78723
39983
97564
16219
95261
5878
89238
75645
21152
18206
28598
31540
1044
41924
25736
48116
25507
50888
15437
70541
18529
14152
39059
89501
55101
38340
41359
68479
88323
13633
8058
10305
7884
30057
19621
17587
43843
22671
31835
53051
5204
20432
78834
98598
22259
90997
58124
88121
97221
18741
46704
16614
85903
70968
49888
20601
79994
3702
91512
68946
23712
10397
15490
77133
1622
92529
51448
47293
70581
14990
33911
61111
88358
78314
23196
71242
46922
53077
61886
99725
4835
8322
73223
29361
99331
84735
8336
55989
5039
39808
35576
11449
50863
26459
89185
50026
87765
76908
8648
77947
87943
39032
11839
55957
67146
86798
24648
97285
88461
60169
38608
85587
48848
85267
2853
71508
48400
35748
52246
19317
48080
52328
85958
98232
32676
44734
68108
56315
85373
79356
48361
28019
78668
85840
1863
66392
77109
98754
91179
72634
14258
57045
95319
95569
95712
91564
35135
46546
29514
53225
70437
34397
62033
12144
51571
87187
10005
64395
94709
1989
4482
81767
62480
96936
18521
96251
86531
27589
24986
55304
83320
79725
58539
58428
7303
35401
10536
34353
14536
58479
67623
14323
78930
17712
79558
13214
43093
39951
42099
50725
48881
75148
54456
74799
70097
83038
10754
46716
97991
53408
6796
41254
27108
44258
71437
43331
84116
71456
30938
66086
21140
58031
55161
19525
79538
53428
28995
6293
89152
77455
57909
60337
8851
52948
13460
63322
81822
64570
4922
664
9158
67788
15265
18111
63618
57726
13323
81197
51698
22490
62252
61391
85880
57399
97204
51651
91703
10955
77853
3192
76359
17463
39917
36402
62609
99137
39240
52042
45101
96223
11062
8722
83510
23823
80300
13014
52999
83652
56378
48030
37685
98426
28336
19888
26856
80522
2766
74770
1302
73945
96614
36781
31102
19564
592
15725
28030
28598
57386
66373
79634
15889
32810
43663
63690
63659
98818
72689
96838
44088
62254
41627
19984
77061
11036
34893
26550
78125
53369
2262
97155
95492
84692
40567
25177
15920
75026
18406
58126
98968
41837
53486
42848
21685
59401
35155
20629
20805
17749
87763
69747
93598
50618
99368
64089
78751
45251
67946
97432
83938
64937
21138
24498
1230
33050
55098
25069
13002
6182
49344
4052
34667
40165
33064
69131
24590
13096
20993
21356
59489
53563
12928
30915
20667
78387
18888
90946
42540
86298
72876
21154
48271
10612
85515
64535
82173
14380
17466
30478
11771
80929
69759
63237
10707
54631
15673
22760
67584
37243
81789
91908
89122
63078
14076
97705
20242
75245
64960
82625
85808
67475
62165
8839
98296
89708
31748
90693
86386
60895
93978
54607
84393
5846
44072
54454
3507
22725
81508
40938
40527
58005
75788
84463
17710
40108
21962
64634
44647
6203
91827
34888
65358
42500
19082
53211
41087
2885
13666
36498
16756
55205
14176
64772
2103
70298
89503
90585
34193
49717
16077
55941
79776
84843
40786
86754
49543
41376
80144
18985
41983
57746
39174
96620
87435
89215
21295
67219
9738
9940
10408
78513
45830
21396
97071
44642
19593
14689
70215
47523
95247
24330
2487
76558
92470
50064
77938
2993
48882
89206
54161
50858
56541
52902
59901
76289
21067
79930
59305
65442
5052
93805
19771
56053
18507
47423
13323
16796
8675
67742
24996
81704
53298
6552
88904
97688
34741
76442
71857
28016
68050
72675
12977
92562
49413
86122
34106
82427
74802
78440
82714
97404
60185
56228
91455
27987
4520
9594
37752
7046
84938
58151
8667
39996
18909
76563
12611
83704
98242
43643
74354
25651
77997
39993
6260
21620
46523
88979
36900
12910
95012
5565
92263
74614
68166
3308
11222
82656
40641
59193
88730
79765
32737
11597
65136
22003
41558
26863
97356
97
32351
19207
6233
67597
6661
73006
66750
72996
26980
66612
23229
270
11236
96782
57813
16803
17894
28122
94151
99342
22681
29424
25205
55228
70349
36615
14182
83777
57151
80928
43783
648
76594
22931
10156
74644
18175
36565
39283
67767
69667
97699
64649
85678
1207
95661
18566
73656
58429
19682
8660
13810
85334
20851
12365
43248
17232
46759
71778
75705
40605
36827
23960
11936
45087
86611
68716
87578
81631
42722
16663
49121
40156
86930
90541
96132
70209
6704
23712
16680
86224
99799
46113
53632
15450
88919
30470
75172
66864
40802
98599
23697
63796
6547
3587
24317
17416
81787
71712
5845
46088
24393
89615
20341
86804
82901
12077
23267
86597
14794
88005
39272
64417
68046
37555
92044
38698
79151
66789
6893
94384
50059
65722
26299
91271
43804
1004
63892
54515
91902
37929
72247
57984
7486
52637
4583
26222
48513
50636
85246
25993
527
22363
61515
14134
96634
95886
55241
37770
46190
1644
98206
86165
9143
34046
13357
30395
38634
90231
21880
17187
21649
64110
41749
31945
72374
69222
90284
39822
62186
48974
72042
26351
20275
63044
92229
17715
45968
43541
50093
43965
4171
44864
48715
71490
97626
65368
53305
53844
13041
26344
44861
75037
30599
46673
65507
82248
33955
65934
49303
39608
38884
88729
61212
82524
65770
92198
77515
81370
62820
61837
43403
27625
28215
48101
11977
45339
35943
12588
36468
74646
34373
78403
51608
72772
89557
14262
6166
40384
11067
16665
24348
48817
81954
37838
13286
86292
55720
73348
77616
42481
68362
76761
45238
61936
52679
53087
62411
87620
84915
96285
12658
30053
82587
19308
61725
64892
44847
33058
68383
67863
61649
86572
54544
33564
22073
38899
6845
5882
72354
60001
26505
34427
45173
51966
60164
1942
87824
30227
93285
44578
85042
56655
48167
65124
64165
41447
48990
27881
52489
6552
48053
53231
11033
4553
19334
31101
85116
12972
2261
25428
80939
22979
19785
30653
28570
14431
44423
85985
16868
20419
172
23000
32119
8167
40839
92441
32761
27385
73810
40784
24086
13501
40139
87981
42215
7989
91603
98265
67265
49596
10530
11332
28823
98029
70852
95322
33388
72865
12788
5172
62425
69108
44532
28362
90743
71465
54534
35174
40138
46340
22122
57747
8011
42229
3573
61269
32080
34261
87114
21939
51609
83336
27255
34799
7322
68514
77135
82390
15904
36071
415
9746
45890
59787
70064
83068
96966
24344
26136
64527
91948
40301
94492
16249
29467
61219
1126
17163
98662
84523
59647
17007
50235
3699
35242
72216
45960
88520
21885
39381
38506
56758
59900
48896
5523
27146
66484
37683
96951
46328
12080
16762
84756
17688
46940
22819
2331
53356
43508
61522
92479
34269
76103
51729
24281
86178
90478
79941
85909
19010
69699
74044
4093
89777
46047
67586
52768
84151
18772
15090
7487
98670
20004
41065
31540
38538
83836
72567
50815
37395
93969
33295
37262
48845
33525
95198
40168
91257
93078
79640
67542
75476
95700
13133
24046
12285
33948
34939
21854
77812
20197
78461
65330
81598
38
94305
1154
39941
53491
62552
15482
18492
9842
25446
9095
13057
45406
59513
58523
97115
25272
16150
50014
37698
61284
73135
59697
74685
77607
95056
10463
44423
38107
15801
96515
26987
68396
11910
46256
16527
26610
38954
72865
76909
28236
35707
66846
33019
31541
43910
41031
55020
7046
11427
24832
85456
37992
37571
59001
77014
67284
2214
40729
42546
76200
15593
39911
17338
27080
31292
47092
30506
13935
7282
37544
51175
88657
36145
41127
99265
28111
61034
39040
92881
35189
72770
46994
130
45235
97199
21436
30828
92790
92958
51551
52763
56867
59025
27217
25710
30351
54918
23617
89339
97566
23538
43234
44976
48854
19726
36183
76821
37791
97863
36569
23246
9177
49977
76456
4828
3450
82326
23499
75458
23747
26239
7461
53284
16349
68725
64375
98316
29077
65930
16300
18375
36050
81137
44708
75660
4879
16628
57600
52765
79961
55011
87655
35942
36678
59338
88116
23234
33808
72476
68669
32604
46733
45964
38815
96915
87276
59610
20363
86999
206
85290
679
72176
32223
66192
60354
31999
89904
54855
58616
59803
48242
91746
42686
44221
95088
42106
4715
93336
73353
96293
87268
64351
82921
7816
33122
98475
75780
28003
86593
13684
50350
28651
54247
22588
93049
21141
51919
22635
71596
90605
4690
62997
51773
47494
5554
30008
89035
8044
87554
30690
69402
30806
40660
2223
31787
14040
6752
70735
60568
26516
70734
99174
53545
41232
40737
81710
17622
62275
83264
17431
1209
82920
60450
49550
98414
20021
92374
11835
96619
93318
29996
33988
42198
54450
91715
65199
78951
79776
95087
90949
2940
93554
68678
87442
83251
46878
79432
7273
26215
38302
79817
79493
24745
36222
96797
1866
78042
34547
39262
44585
78915
5354
6909
54626
39410
97566
14179
28644
60913
56419
23042
63056
46052
35872
32573
7228
76639
91482
15536
39155
37634
8234
97853
6457
27602
72657
31061
57324
51285
71426
95328
9223
10921
16637
81609
90336
28065
32188
84680
51377
95805
86535
26733
59540
57829
65762
84294
23463
42179
53414
91917
36527
32890
13132
81905
62456
63302
55973
27584
98490
42129
52072
48366
14200
43055
76291
15908
95650
78328
61202
80935
4603
87391
15790
39172
80981
79475
91292
10518
95191
52337
28198
56499
46144
38244
65287
31993
19334
26395
76032
60272
48279
68677
14248
33884
57921
33163
37888
21314
81837
33769
10308
27988
38853
78731
69149
10747
73238
17633
26579
84992
23313
43102
16672
69143
85740
9043
63968
55208
74086
78627
70372
2875
81095
8578
98438
95072
2885
43663
6935
13336
82723
8075
35700
67011
21972
95445
2327
10087
13277
42147
6058
21465
53881
16863
67254
62412
29622
65627
46841
63603
53532
4819
22774
32180
2446
71806
54407
44332
21577
58256
19053
39641
46473
15407
38344
41319
15115
87696
50210
43354
72749
80302
4325
55701
89458
3046
90893
83589
21954
64625
84312
72782
877
34591
47930
91631
28176
75404
44366
71988
61584
14722
5126
80504
89475
98284
73827
35765
1551
63665
99584
86634
62794
61941
5257
25448
54144
36584
48361
92472
10483
5961
74945
12204
96669
62971
20404
69761
50417
72737
80799
74798
95039
89977
70790
70283
10774
68979
68809
641
88067
19853
77078
36746
40248
95660
96824
92069
17609
12377
71854
5816
7951
40661
69334
54434
28943
4154
89703
35260
19509
68368
46430
82571
3641
32041
46544
58470
70500
32090
2239
47198
26476
97462
43176
9742
66139
50600
31545
47552
56430
6637
11775
64858
6649
14379
42237
54211
14120
24018
23289
5110
94400
58510
14256
55554
33539
17222
84906
77307
59667
6164
58568
91201
73134
51969
1434
6890
3575
45404
61677
28591
74453
25175
3361
14896
22549
80895
62329
24709
99787
93206
1100
89474
27254
67790
98776
43429
83905
15844
60886
45215
35845
40950
11144
4573
17612
65122
66607
61043
69808
81149
40058
99684
9506
18573
5656
58896
74343
47556
42926
23610
71069
33433
39908
14932
187
15364
43770
66025
67254
32246
21401
29607
64672
17363
79492
96840
51274
4717
27852
85083
96874
46846
30274
41428
99128
22402
93032
25036
57459
59886
72097
74486
18753
84369
34599
75424
27027
42757
21147
73890
34278
75346
3414
45510
29126
61312
98526
4659
39597
73974
21781
49816
91689
50676
96940
93362
18204
809
4596
88154
5821
50834
92917
34478
78300
14672
61975
14362
27330
54692
68222
30563
72310
65098
33715
11696
11933
22000
96252
94805
46969
61521
2478
14877
24850
60274
7193
85651
22770
62327
27906
56077
30345
45539
61230
77142
83441
2667
3385
30679
12588
38006
36071
56481
84650
55060
32018
28153
60199
96791
16098
75232
34417
80978
84890
38142
86183
97676
63247
5195
316
46337
26100
28090
77883
98038
20848
74434
21477
28470
11633
36169
62934
60846
58074
59983
43525
58146
95704
58229
39530
6090
98674
86889
60762
74668
38015
54511
81581
48983
42385
21645
77217
67289
79215
67347
19735
83486
88960
75621
35867
84805
98595
67590
32386
99009
82364
17379
89324
19305
20585
17657
74152
47484
6290
18083
54807
27061
49567
35077
16712
73958
37187
78670
63459
93108
89046
96365
40481
71375
44513
18036
16056
84812
63346
82753
93653
9857
4336
5518
88994
27869
19656
37431
23687
14369
90533
36068
7308
24095
75039
81074
38365
30349
21450
45122
7334
99590
45359
86333
7326
37918
90328
5826
16352
35711
44772
66094
29715
84325
15898
63303
6124
91282
28827
26021
60394
30318
6384
88349
3167
5887
74594
14572
95374
36513
79849
66044
85551
26275
57532
56918
58000
26718
87367
12996
45686
27698
65627
96225
30369
42718
71135
42176
46541
81212
92388
78390
56020
13335
80086
55813
55153
65322
83406
36645
22592
43094
46948
55345
70594
6431
47554
35308
1884
32260
44500
27406
4670
55993
77180
57551
70145
97922
99521
52846
15594
44815
55592
51646
96171
3023
27323
93806
92329
72722
4421
35123
62680
28543
30080
6549
802
51342
22917
74803
72390
97091
47714
17171
57053
39879
21098
17642
72953
91333
88391
99108
69190
17310
49546
14545
40754
74250
25155
88557
55657
48300
16332
6986
29176
5584
70495
26971
42163
4931
63688
83583
90675
48175
95766
54376
34007
58546
69899
26664
58091
45242
78354
7896
58278
68895
1456
20228
79245
57116
83315
68853
91701
24204
73159
81276
19974
80445
57575
40920
5658
21876
38545
78437
18981
99773
22450
10241
7407
34860
68289
35388
42172
42677
95272
81019
99789
52964
88124
16329
79200
28954
34669
69531
59186
39878
793
7614
8548
10459
64956
50912
21723
50643
84034
50551
5185
26304
12732
93138
8522
35946
54961
51610
20529
21803
44236
26788
93856
35843
63859
27382
15119
49112
94232
13747
46211
61613
50568
76037
67352
79838
3232
31430
35673
3541
45504
5323
82380
99853
1720
39822
52171
3457
67038
66102
69932
43055
7394
44133
14659
82542
15289
11070
74205
43753
53685
47056
34925
98935
51670
22564
19908
39224
65657
33535
13081
98991
85038
97876
63432
54263
85736
33161
89943
35235
26862
98724
16339
11093
3790
88499
82137
54842
6929
17589
24240
20865
75274
75815
80628
30710
87880
13263
59662
48960
21226
3774
13278
76339
30930
40710
70459
40914
67186
24025
99697
63973
91299
63129
56649
83954
85749
57537
40038
96219
70017
57455
74699
33397
6746
55500
79835
9856
20321
32282
93752
16935
33464
30297
91053
48310
77806
76245
95751
78387
93273
43184
73310
69019
36226
88103
45489
16890
82810
56676
33071
16517
33035
54176
52818
72600
95657
83346
27622
12359
71015
62841
71784
58403
28485
56098
50121
7756
11943
21494
77490
32173
95810
55746
22465
1528
54479
55620
52369
31775
78434
70032
4856
63468
95508
90909
3721
44094
8379
59150
78394
64897
66908
59616
43297
50376
21463
82989
55607
24873
72769
24795
76094
98965
57583
85477
33631
62898
68846
95523
49260
1079
70735
58360
29572
39236
76191
40088
56436
55900
11989
99444
24859
33120
77413
93956
61862
58921
57778
9999
69370
29537
70368
31162
99953
57470
65350
30699
6491
25468
27714
64216
55973
8342
98695
31537
64407
25825
37234
37991
95736
91077
80986
1591
37036
4889
83494
23191
68829
8218
47160
97084
89623
36935
20935
8742
26125
72860
20202
37512
76154
59337
81168
94456
44898
74159
50509
80783
52055
69974
50031
76861
52695
23150
34191
81388
32050
66880
1890
71151
60169
89807
96175
95976
82578
3601
76603
82003
76088
18692
34560
60818
86111
66863
74332
213
38118
91382
73894
50821
94949
58681
6235
21838
99190
1674
41750
40455
20304
45321
59135
92511
45550
17374
99098
55398
3918
16049
69440
95221
51861
85161
72075
49947
24847
90560
21162
48869
33077
74880
15701
73672
26727
23388
48442
47342
28409
45997
17045
59963
69867
87272
55295
54011
59695
1592
29021
44363
55695
6045
17114
99040
92583
86592
55919
74935
84270
45041
75358
4826
33202
38752
32670
7788
59201
34805
84400
67442
72004
43756
76816
54973
8870
40624
10215
13976
33266
52275
1821
84426
22362
63879
10028
49097
40532
59036
3632
57276
96255
6007
54683
78826
59907
53515
11365
38820
24663
40854
35360
98252
52316
39323
18889
56993
31654
41943
99482
51400
95898
88002
40349
79896
74931
16644
76475
78658
31359
69682
14003
59548
40070
23268
40390
24776
18603
81684
95726
36677
26411
29844
49711
48914
25955
10636
53670
89850
77518
52079
87358
76993
91595
22106
64321
93481
17789
744
29260
99681
89996
69205
94971
28587
13449
5293
13699
64296
97038
26031
91102
90563
35556
71363
70881
79191
89502
54229
16746
22845
11331
99630
20501
12022
44521
3310
94894
3537
5532
64808
6688
63417
36319
72281
14636
66718
39945
49798
5750
7839
15760
88945
4825
98417
96036
62263
35930
69295
96689
24042
71737
86398
94984
4870
82180
14523
15128
1906
68583
68387
37046
37909
45982
62014
45531
28211
89515
20041
39948
56546
95298
17983
45493
97293
83393
87172
75919
21444
59229
3502
4993
27486
25080
95792
24226
64364
39983
87780
94108
83291
98576
96148
50412
59014
16456
58852
51014
23478
63194
13024
21622
39031
89068
54846
94881
1912
37148
36464
92330
36894
50608
16936
48176
93541
81994
53768
27413
79573
6842
25477
53977
61629
29037
83255
96964
2542
87012
78112
22019
39830
91423
150
84554
52952
84440
96367
26776
26245
41421
82216
35480
45177
33045
43570
5540
49044
99923
14041
60452
80723
60968
98866
85651
71690
5987
25793
32514
5409
16916
68356
10870
26056
13822
80224
45229
70744
45610
57062
34206
91496
43416
74625
29854
46824
94833
70782
15359
63230
95736
72728
96371
94683
44510
35328
59950
71768
37397
52358
18537
66290
17372
63718
47971
59872
33913
27729
91554
74797
80326
48951
8407
56342
14754
81422
29088
86881
43175
49858
66791
20599
68635
84217
29319
24449
88416
88002
75982
83003
20807
58649
95262
82839
1794
66265
20782
9040
4022
54143
6382
29417
30095
6358
82888
450
38669
82021
66241
56886
4829
45745
68670
94740
46018
76016
89540
7224
68850
11275
48920
41542
29341
18319
28229
12066
6856
42321
31419
60590
32952
35355
89268
87841
10026
3832
87795
4321
44768
19511
1286
76477
17493
89919
65962
48585
8561
51568
89133
47638
35096
12881
2894
70765
96060
75420
26752
34088
34963
58210
74702
20334
63940
85404
65465
45289
45787
39823
78429
42118
13020
45435
76818
96424
46228
76289
63917
4809
38250
61230
11494
51566
54549
11848
19637
15397
24007
29459
3158
39038
2087
80897
43883
64131
46461
65492
89377
61653
78438
58769
10538
1637
41671
40643
69097
15884
76158
7369
1773
75368
49427
75677
49781
62131
14734
89410
6705
48513
60003
89481
36617
66390
56072
46976
56823
4737
25479
2840
86191
59161
97198
42705
18687
51859
98852
59748
98257
86493
97494
1741
32269
91994
20751
78418
3515
67386
71335
11189
76167
3958
14258
626
46941
20293
67609
83989
77140
48765
22662
79419
24455
44393
58328
41283
77886
55875
89047
18962
1131
16207
15905
51775
68944
15956
46659
60737
93406
42872
57027
60563
4505
99894
90906
56065
52855
68127
75327
16435
2983
18282
22463
97811
23054
54329
64648
18491
2892
60330
39748
74816
61374
39862
87908
24405
39260
14186
91634
52094
83362
13023
18088
92370
88524
4120
80702
83307
58459
66007
50718
38574
38196
26045
31924
593
7368
90269
98466
74254
25102
84955
80944
46275
20427
75014
16192
97698
36308
63726
58304
71196
86123
85828
93560
48741
84357
74158
50179
32228
7820
227
88250
6522
78272
84553
59820
81324
67128
95912
31498
31790
12774
19434
48574
44078
11193
62738
69980
54938
31068
57143
13073
59696
76091
17019
93272
44320
5990
39116
7436
86527
84110
22934
46135
64427
45997
3330
89640
16342
77922
39664
88195
47025
34265
20364
64467
59830
58089
22640
98011
16402
12183
68950
74634
38445
73209
53176
80044
80919
74197
38086
33565
93265
60518
38339
28632
22645
43776
16253
70030
8292
93579
22855
51474
54826
79052
17429
36465
29615
63330
80242
50208
61340
20875
55713
9069
46376
28359
84239
87223
80607
43220
36785
37882
68654
44760
79392
69954
35405
84574
51821
15425
63049
34903
24898
91035
2701
23649
83191
55166
73708
12422
23054
90096
85774
47963
19052
71489
18293
49001
7636
56767
33770
43273
80609
46087
85449
91719
38751
92409
50598
61545
78759
75077
94714
14697
94486
83138
68494
4382
97640
10846
43522
98585
63606
86959
54267
58731
51369
54247
10695
11876
21946
94406
29134
84438
95113
81417
52951
46168
39285
17089
87988
92518
63742
12287
51435
42790
41237
83787
85665
2341
10940
54163
30181
13568
96575
11328
85623
12607
58959
48997
86643
44859
30295
47249
638
27329
88317
76835
66028
49838
40631
14205
26027
86810
55398
84721
32815
69233
40692
48089
67035
69788
80806
46243
27497
95743
46525
44808
47030
76091
55247
80734
28525
32371
55037
96579
74510
45964
51377
61978
42971
13166
36215
24210
49791
56071
43956
18594
28155
21967
41639
15601
54350
32262
26330
19825
23873
73529
95268
27820
18604
36163
29535
41206
42568
38992
64066
42274
78482
75645
42842
66673
16025
36923
20938
16676
23876
29235
67291
16627
48163
17251
17601
76439
66320
50374
58317
42369
1441
67986
45128
36142
15438
32091
339
25137
45977
23925
43000
16880
73215
87639
89516
66508
96281
27450
14723
70903
8175
42304
7088
78122
75610
29970
37016
21614
3284
59202
89586
61304
60351
41679
83837
13618
12750
60679
97054
82164
9332
88135
75220
7666
9383
97917
70906
8495
38416
65550
73080
12527
18739
70612
98694
69162
93109
71295
64991
21308
52238
30877
7325
83929
52173
86580
81559
82718
46786
98027
9876
42658
79724
65161
36970
28460
72384
33525
18392
66206
65330
18044
37180
84431
29635
99442
80146
84791
31720
9871
96329
23843
50387
315
74467
19336
5760
12964
56842
29492
49629
92843
66154
55488
46582
93663
34894
44737
74717
20418
67162
71230
59923
68392
54595
28380
34357
86173
7718
99701
60198
82118
87436
46120
96213
28607
9464
42410
42091
24516
94825
48153
61651
96396
74995
97776
51750
82703
22164
34039
97618
59752
53686
75986
12998
40917
23200
64474
19293
64571
6873
76297
47908
96999
88666
70287
68138
49679
13326
50657
3587
59831
61418
92753
10584
43888
16547
34968
27791
42394
75280
36112
64019
9290
18781
43807
91136
62343
38440
15917
43917
69519
42556
57494
33782
29910
88136
64571
94468
1774
5884
94067
19580
40258
8095
24959
2817
76252
15887
1948
45958
41895
49462
81777
64532
55150
87045
33895
11636
29507
63760
80665
33050
56732
41253
87969
34351
60088
27051
26706
45401
7616
29427
32388
33417
14952
89021
48809
28480
42292
43338
28798
41439
65463
78361
33534
43690
33943
2817
50032
51895
34509
20746
99329
94073
93864
79560
18252
45252
82673
6357
86102
59964
61417
25097
28950
87743
63214
81368
59793
47947
61373
66697
95172
35693
10321
52367
86650
75687
18217
93446
33214
49501
46984
37035
88202
27965
75510
28280
71869
43432
13348
66811
8492
60417
93485
93010
73807
2225
94039
39973
48220
92117
99161
82719
25521
63109
2711
22986
80106
82145
64872
70855
34387
71354
15449
79335
62872
16250
64330
28457
9784
84721
47509
93072
97687
19837
58032
79840
78002
91221
84712
35062
98670
58578
34733
29441
78345
49466
21165
87712
71794
55723
59576
60408
29237
22561
96835
46098
50862
50820
86888
4688
41535
54929
1322
91210
79677
68098
51414
28138
11620
26717
20389
24319
11018
7094
44510
79650
63729
62018
3384
33667
3446
11289
95229
2670
67783
24359
37802
57888
72850
90607
4660
95904
37464
28892
70820
41180
83840
98214
84387
20385
80263
6621
68944
44502
68502
21
75662
66134
172
56655
62203
61736
64410
57407
24411
701
78605
15455
33300
94821
82086
28432
94481
88846
32902
68583
3722
69882
59333
12956
37627
74107
28961
68331
40464
49966
60052
25700
85410
20786
87134
469
99643
18531
47041
11730
82358
67287
26124
38750
85954
31700
72399
31865
98501
18060
35341
61862
78589
19319
1168
71832
18434
89580
68150
40344
34823
23579
82376
99478
4383
78185
14988
40457
15580
10728
29872
38596
34866
57970
71559
18776
11899
32803
58865
98048
36403
72369
7218
49357
9284
84393
64292
27406
700
70598
27080
73755
55673
99952
12664
31358
16807
93039
39736
14911
98145
9003
39819
30539
92947
51170
54242
89920
96480
99076
63535
62392
19839
13135
84376
12111
5824
60258
38311
45618
86189
32448
60125
77190
26988
77411
62918
5874
11936
40345
29736
9067
21326
68928
74870
42810
88894
95866
29442
17259
10872
89453
4654
74069
47373
35482
21091
76289
97016
44855
22779
17337
45305
77259
51576
49870
12481
44166
21272
93989
37837
60219
28128
71680
95369
23226
85685
24645
51797
10158
2633
49933
98693
92688
92819
39851
48802
6726
19831
64182
42190
18300
83269
66485
13764
78589
4158
50823
37598
42286
22096
75340
93713
54631
69026
10451
24371
41935
56043
18016
44477
76307
27838
99833
21643
60738
61439
69326
11872
47752
3929
29571
35526
91909
24360
53180
68755
31498
24145
64324
61543
93039
55922
96281
71762
77875
74836
10007
61970
14865
5725
55007
14330
74076
65922
72964
91503
58071
91577
4819
9324
26196
42284
21148
35973
85030
8810
6145
62888
77252
61271
87034
70111
14749
59108
70978
23090
93395
45689
85345
79882
32790
75887
55383
25713
41374
21434
22338
28436
52387
49060
52684
88202
7036
18869
81237
71502
87859
77293
80952
1160
95426
8756
95004
36811
140
72232
98169
73175
79066
57046
86757
14398
43760
87813
20891
55300
56844
94123
4486
56607
25050
3395
66607
12318
16887
66838
39873
34374
53952
30678
373
43000
36021
41770
97791
2894
656
65667
57460
43140
27772
53198
23863
60339
6260
33218
66238
99800
33402
88857
75749
7860
73872
26267
46735
50636
82038
32981
74997
38161
93184
82057
53261
16506
37235
17919
5143
91085
90397
82937
53990
22461
98318
99877
77610
75660
1143
5227
95862
83122
84669
74822
73939
79062
13593
49808
60000
33273
45615
8661
20836
60114
10761
67529
40946
88595
81360
79670
15384
25643
51495
33006
42628
80197
45283
94399
93010
814
24043
77252
80887
74004
67752
68536
90723
66697
23432
93765
92631
71655
76726
3675
7811
50958
15854
63228
16762
98280
19967
38931
34613
33293
22753
18597
544
93058
64624
7873
98213
88765
36581
38897
36595
21347
15279
68018
78442
2291
75987
32319
21958
46299
91421
90377
66982
93544
7106
75556
89432
94907
6420
78043
46531
48598
4321
13444
95664
46583
87400
13869
67829
31515
32632
98005
98207
98116
62023
10776
31292
83317
58476
97091
5955
7802
82011
21541
16960
43396
29658
54022
52288
41426
42948
81969
16853
54923
91033
8269
52550
53160
50879
106
63543
17423
43258
37846
95280
13881
58884
30127
68236
4949
13705
5330
73824
96390
41825
53075
48070
91079
58090
32006
27302
88015
6114
90681
13760
44304
78142
54756
16056
26809
58026
52121
35326
64891
25886
24086
9945
19592
50649
4506
73935
19991
20540
53235
17971
72805
47397
40469
5324
35381
16295
17159
51294
43448
35906
62616
79288
27368
30309
47439
79705
23854
8700
16192
83583
54147
59447
17850
1070
80980
4634
39709
88569
15998
61402
21865
56207
55161
39867
89169
52293
43729
76099
78926
60605
35056
34041
76561
51344
82295
72032
85328
8061
73067
53834
70722
32846
69996
72827
71269
10371
60544
4987
56700
75805
22479
47511
29943
6025
47015
90837
62314
35686
27200
90930
71232
99701
48186
27771
10024
67485
68290
24996
20525
43960
40884
41447
25923
97214
9946
44668
96413
99852
33586
16113
81532
72368
66093
11015
64674
69363
53172
89482
60645
92451
35462
75530
15806
13788
39804
61146
90625
88499
79981
17797
39399
42431
557
47272
81031
10180
50480
38383
47524
9565
81997
57040
75424
46565
57821
91358
12270
42019
59651
79499
57892
46896
62533
2462
71631
79813
95096
15308
7617
20101
64443
57046
61573
3941
20026
50047
44403
60660
47890
57577
15007
59275
71156
99627
46828
91250
60835
37584
80958
33547
44791
29902
57389
97503
59908
81154
15957
90660
27412
58117
94539
3496
95505
89101
36874
38109
71967
7779
60202
28001
11718
3964
10706
54088
19053
43126
23781
7496
23041
21233
58296
80993
74646
46855
58883
75527
60485
51849
60502
43150
21203
39160
57539
69456
63506
23165
33049
57565
77024
78661
16209
72256
49229
55709
17761
33994
19579
59750
73645
73662
57630
48820
75422
3928
13154
62729
57259
78810
6092
9257
62868
60981
49113
46809
56589
48688
53154
61369
97559
84024
3809
10267
72682
8965
29677
46368
31759
80196
86978
87662
13963
21510
39228
66671
74805
20612
63777
33512
22536
61037
22302
65012
89491
7023
84906
45245
99662
58301
87783
6583
62952
22883
2086
53273
23291
19075
86890
49784
48225
12522
72709
91202
41760
30421
29823
85460
1280
89114
95094
51801
42590
12564
80479
83231
57465
46894
6889
22583
22505
62795
78050
44489
95503
28016
25428
81810
60744
96207
59879
65595
10587
59985
39946
37719
17490
45022
36652
11576
61989
95084
48805
95183
98097
27490
21586
89470
78824
50952
44348
2620
32322
29389
2458
3396
32722
38869
37997
52826
9075
94461
51657
43388
68001
57003
37524
41632
69316
47383
69031
96304
44198
58832
44273
93982
18438
47852
69115
89254
47237
82160
34598
49439
87998
21400
63376
70077
67891
89508
59862
35590
40514
29920
64436
72878
97430
96430
37191
88626
33786
65201
74323
62894
16488
27417
18304
67099
82400
63238
69183
7177
30932
87770
72107
72116
56800
4192
36523
36166
54295
71731
29140
20457
11832
51885
65610
47335
64511
91885
50183
30848
504
52803
91093
64039
40655
2395
46997
42617
87267
81859
36098
35579
73433
93243
31759
54992
78700
40120
46893
31412
42018
24853
6441
57527
85273
13079
30130
27609
85153
44059
76280
60350
44131
10015
65040
86415
83327
16106
46228
32045
28116
93528
94279
38386
31351
36453
40790
16966
72582
28757
41914
38427
83479
57534
41434
45637
32490
64308
33774
10233
25917
85519
46654
37185
76734
86426
80232
52922
85467
12794
94465
20138
27253
73273
7411
64513
58355
65774
964
18379
31827
34219
36343
45230
69659
81827
32652
49351
61422
62549
69986
81659
86906
13114
50141
63037
20174
78247
55011
17275
776
27327
14080
42949
8460
3897
18409
98204
87825
33161
97789
29618
63670
43309
90856
93763
38834
81142
85889
66287
6057
3505
50323
7380
7066
64305
4249
58564
98837
90427
69538
45608
8330
3342
24053
16049
55965
12141
96750
20822
63573
65578
74437
8943
66996
29008
76848
84429
79520
88557
80319
24339
55488
51226
48581
76373
53891
81097
40406
51692
3353
7722
39788
53940
77765
7098
71300
49090
32682
69064
45669
91332
38435
80485
25408
82295
70255
39112
93171
43903
40521
13499
98600
25447
64085
41253
41115
64085
15415
1525
86776
40681
7357
85735
76002
81714
6813
98998
64209
75949
1433
24159
98483
89179
33502
32494
25971
44893
42413
28584
52726
30735
18832
33492
99298
57630
974
33670
27321
28711
29434
6056
47075
64366
38886
96199
34763
8631
45973
82584
84800
25925
19885
1798
93019
59501
83467
314
73792
64822
47665
17061
35453
20559
20059
81452
4239
15212
96975
3184
44420
84511
98674
24248
44252
79887
2935
57630
41065
69176
81074
29428
70389
23103
58603
31409
18818
69807
60846
92283
6604
26645
2111
2642
45771
65588
82220
47095
11829
7430
12602
62776
13344
35472
90337
45369
25573
51361
29716
60479
34816
63271
64600
65148
73876
94062
39990
90931
24203
52629
51723
6663
79227
26062
30812
4612
21957
62642
35591
61321
37878
91583
40021
60849
62576
86000
90796
42109
67171
9559
52065
88351
56533
64633
25034
94854
93537
21990
67634
65761
96123
92339
8485
92273
98385
20950
23019
60559
78894
48285
27826
72695
20760
74444
73219
40880
30265
33969
10071
61785
39994
57126
28675
68306
41099
25250
10510
9828
65088
74556
27491
57454
36342
83485
6914
84013
4307
51680
69552
21607
39242
37097
54287
27028
84894
60224
63081
78345
49950
84201
8742
65218
26159
77505
63773
876
46951
42966
53862
49996
39605
94531
28526
20495
22975
31399
80260
20495
89987
83233
53072
98271
65279
32330
64355
55412
17612
46671
75274
10959
8900
82666
74652
16747
92932
56700
85203
37407
13453
8841
94007
94801
89125
98767
98837
1656
53914
57028
55791
69260
67238
81996
65774
6316
8078
50772
44018
49003
91781
430
80202
29848
24654
85577
71102
5576
53599
25100
6377
51586
86400
3151
51429
79047
16338
88981
21247
56476
91948
13226
51977
34102
6881
1781
51054
14177
12094
34459
41728
73069
63439
656
65901
33205
81601
47322
36720
34605
36898
95780
61092
41927
55365
51035
90803
37154
59265
54537
24365
51985
40825
68779
96372
4579
5590
66161
1524
39443
2481
94834
32176
69678
84365
41770
13816
37117
31040
81649
71286
87758
90514
71928
40455
46691
89983
95971
74215
21431
98135
37982
45829
28296
92196
40381
85910
3974
45131
29204
66533
46902
9579
25519
96296
66947
73315
39055
97517
34402
83984
37922
91476
54112
27732
85341
35382
87882
57266
65593
81379
48760
75478
56104
36554
50232
67026
6802
51537
61203
12834
18064
17924
61054
78033
31172
2698
25982
34901
95283
13491
77912
24053
66977
5261
75797
91786
36743
12022
78607
88803
88050
40588
4955
49251
71163
672
81331
29766
54655
83497
83070
27041
66555
54229
16670
27526
75910
68858
78037
4423
66411
98379
26325
89202
3937
88934
69059
96090
50825
63818
59527
8854
35299
24774
93875
46595
64812
78380
45997
13349
8248
24484
66811
62154
65161
50525
70986
67343
13226
31294
15707
38460
57482
29243
99915
10027
24280
68323
56509
16743
98519
27318
49606
46926
15038
41940
62452
14136
13135
80817
3356
16946
38193
76260
94751
42179
20269
44830
88536
62544
37346
22520
7044
49658
1253
79462
13295
549
47672
49800
36055
75380
84933
23678
22175
80432
7832
7067
84946
1640
98967
35155
21810
30898
88702
90510
71132
33871
78907
35582
53018
99244
95971
91597
98309
5508
48783
53872
3668
70980
599
24664
61029
8903
90056
67687
33671
43583
36517
92031
90402
96917
5208
14422
14372
50760
34579
71270
57416
77553
95400
52129
20997
58119
95521
51585
23280
51198
93692
65085
52399
45803
59463
70488
7932
47778
87700
15060
24849
29888
78905
56996
83926
37477
81895
91999
11173
69465
22308
96176
15158
81071
30823
1705
748
17831
82224
64920
15675
31053
24737
21746
98324
30878
1533
13260
39022
44747
19100
44553
74675
15607
31016
10766
41988
11802
94263
19217
41802
25896
8133
32943
65594
85996
27085
69308
21988
46541
46531
94069
48249
1331
62993
57970
84630
77058
89197
31768
50641
97637
28404
31179
61279
74919
46309
34368
5311
86426
59036
7504
69287
62394
29289
74664
5865
31563
32044
50654
16289
94431
58096
37278
3934
27157
58177
9314
91818
21755
74635
91968
52856
87988
3761
52349
73705
48756
76390
33599
42011
4392
79947
31744
19439
73266
23174
19391
7349
56274
64667
99665
21078
90657
38538
96885
10142
65143
6052
77092
22468
41484
57931
92775
65655
15675
43814
17827
16262
23587
85821
73039
42924
25863
87831
27494
29143
80469
30606
35832
41716
62628
63916
76347
77976
55766
13828
67327
21453
33917
6735
75710
23031
6266
80065
85234
46466
63808
49927
48961
45418
27383
3008
20788
21766
9309
96309
71045
20818
31111
61494
89686
18008
39653
95923
94719
1883
69507
6355
53823
65471
88587
44085
82804
55544
21096
87585
43365
85165
26918
74633
1852
66601
6613
96129
9265
63838
34829
96632
20642
14070
7659
11890
74335
47447
44793
93956
1953
64530
86795
21068
10747
18825
95686
38698
56040
26490
22107
64862
70020
30413
87665
14047
68727
63542
34881
99605
39436
10374
80635
98933
26079
81749
7141
94390
65685
6692
12772
73012
94054
32434
61907
40481
12565
29981
97584
72931
38272
78163
61686
36142
23602
50772
87653
89214
8790
20229
49758
16560
33799
44276
45450
81822
64866
88483
36827
36278
17853
41395
40170
79095
91665
48239
17054
79175
77170
75985
61038
7763
41919
39061
28158
40835
30741
57976
48646
87769
91870
42700
10577
6407
103
44187
24064
4746
95823
61045
42414
23718
81114
70105
11439
43935
5254
21180
88369
28914
19893
93048
64261
622
9129
87732
56311
87410
32399
66860
20600
45476
84113
40733
13341
30187
78415
89007
26912
43146
73832
92127
87300
64634
44338
77512
55351
25347
78665
59054
98032
16086
96388
79431
35415
86121
32931
73765
56132
2544
54309
19332
96447
2548
1206
91149
10246
64691
46085
65349
52814
55573
32979
37589
31649
63046
50631
75350
86278
87604
18271
91064
38398
66119
56065
37584
29641
72215
52272
70460
81449
26159
7066
22996
20991
38205
34446
95599
55506
7026
58891
7183
91278
22652
78003
34538
93352
79389
86526
70870
65216
65576
2379
3248
65919
11032
69937
3048
22912
82925
60884
17357
16779
63364
61492
75825
82908
56113
77055
69016
86594
17148
48198
23971
27012
83413
11436
94643
12574
53237
28027
82844
43753
19827
59889
42760
70584
54911
19960
81796
46302
83774
55444
76203
71374
36995
55541
19949
49914
70086
57932
73500
99101
65316
21593
91795
55764
79955
56483
20164
61702
61056
25601
16092
91301
59111
61910
87572
26221
86286
59002
74327
86153
35551
64850
96907
75125
46112
74594
63262
56221
24304
26585
99214
7940
82912
86826
34869
69666
46635
9915
26032
9829
69076
33462
3658
27288
86555
49917
3273
63489
91835
87034
89973
91939
49027
564
44096
63428
55919
28702
17559
47625
59074
59978
72484
18526
21954
93691
19100
39442
91248
27192
17356
34526
72131
4828
20091
65542
96864
93226
61499
58328
55352
61469
31602
64498
84350
89950
17312
82144
46467
74287
49772
78883
47600
71492
81967
82413
48799
86641
70620
80584
55319
37598
94987
84374
60322
69848
64257
115
29932
48417
14654
8503
7098
56423
88770
21144
85989
63378
84636
14221
25490
94423
37169
3309
47471
25450
42726
32085
13836
87920
4490
32744
99091
22418
27202
74321
57189
95854
62322
34116
59123
49959
48613
92898
72886
59900
99386
24795
7627
22454
87947
42766
98126
43707
15514
47372
17490
70112
33083
49275
37115
58716
78360
8630
81976
10551
389
17330
65568
42849
23905
923
37832
2783
91717
86204
77310
48832
70764
53502
27333
33069
99967
86728
4557
17119
380
10212
36654
43531
83842
96066
39169
10968
92796
86934
35003
84338
74215
17789
52263
56054
36642
30301
44255
4173
99857
72714
8359
38518
69198
70468
87270
12156
51053
71134
10753
16167
17770
50042
70230
95982
56657
28591
87762
26122
12777
93005
61423
19173
59198
19447
11470
17201
28393
3119
51724
85846
34335
15503
90884
93571
17971
99891
99778
55622
73192
90069
50783
40918
6007
42640
21630
87149
11226
89862
36993
77364
5043
74493
12969
630
86171
84292
94056
2070
35147
20147
1029
1693
64864
6480
19563
91243
33071
19630
18254
81999
82917
432
9659
10129
12473
95916
82331
67181
6929
5322
67876
40570
94734
77323
77916
28200
63573
5831
19371
62185
36570
26766
76283
19366
45227
57360
17071
70162
30870
43353
72509
44315
95896
43028
86665
27388
27011
69264
82048
63312
29772
19168
53966
76034
88814
71355
10204
41824
59326
38852
69257
76269
99148
49861
84676
39285
19730
71508
19043
78619
40796
3160
50692
26863
15029
79972
66525
53339
61130
14401
6145
1308
70108
53515
63058
17134
20680
74482
72254
53280
39723
96288
46360
33415
66836
90618
59891
3023
82186
54816
98717
88139
10102
88974
63926
63021
50223
39301
40235
13234
96576
6532
44115
50709
58392
73743
98406
26019
23182
8178
84245
36846
12783
77023
170
62107
28486
98707
80093
10871
82054
58390
89423
77670
91607
19233
6567
48668
93434
77786
80903
57732
45115
93211
90826
86653
51698
11282
43292
25413
61206
71617
87094
70094
46847
82820
15476
43789
98198
65874
64309
96081
1339
43933
93935
66704
43667
37524
82828
31357
27276
50952
71141
40790
30510
39212
27897
75514
10975
74325
97961
82968
58067
27105
79188
54082
28239
44180
52202
90528
7032
2813
81487
59233
95005
15511
40719
98893
64062
73227
79960
44150
39831
17651
18168
3628
96172
18009
57844
60751
81907
97758
81538
17023
63225
5975
15875
14512
43218
4498
82240
19802
40353
35446
3360
22796
18495
70248
28932
41888
65036
77162
40512
47914
85615
19134
18582
90250
69612
15624
34703
39873
30017
53969
13721
22208
97468
9448
84600
67803
97117
29507
94026
31741
2883
49891
41052
98645
67830
51893
2082
8750
86033
23125
62903
67325
38282
90797
32849
5523
85247
52156
98367
74322
63038
62610
26883
5757
90353
60758
57254
84488
26948
24074
41276
79726
62100
91431
87125
26721
59638
74242
30557
22619
80289
31600
19313
37235
25946
33958
69214
1036
45786
77304
54456
6824
9406
97731
23347
3418
46058
56039
34530
81049
51194
27116
63242
27088
53927
77573
92322
90162
36339
25426
35401
90379
4529
44895
36483
75441
87187
2058
32049
70809
13042
20066
74253
28007
65780
93867
64959
73373
32317
97278
54911
63796
94836
26444
49128
82697
1360
34307
51508
52526
15040
98666
4601
52289
756
42694
91936
14874
9675
65151
95967
45854
82585
77821
42066
19665
18933
65836
40538
75400
15997
40382
73649
99292
35206
4559
86601
88059
91619
42660
87841
89720
43345
83757
3459
89667
46558
3369
22173
64083
9588
21513
24250
25631
89733
26893
55356
78124
83828
27498
81976
89697
54462
10861
26509
67638
90371
20729
23650
32363
35413
28588
78844
9429
64284
34080
42874
59475
97507
27725
15469
8894
8130
34699
35062
28479
33961
5205
68510
79643
52550
73290
58220
37289
884
81773
63495
46085
95648
56717
51016
53629
52024
61278
98938
65256
40979
79878
58065
68726
16311
41204
82052
58721
48843
39754
89961
62595
57
59
29644
80643
41183
95183
1547
9287
65331
88484
47217
73613
4401
15151
75949
500
50978
78432
52942
25653
4906
49764
59678
61327
24878
54755
92535
1344
28353
38377
33958
65039
63114
75298
71739
72550
12947
40414
60778
65022
38864
54741
92321
62194
44265
65188
67494
47445
57766
87253
95213
86624
47543
38493
50035
42852
28669
58878
42778
71517
86168
12301
56001
93991
92142
85358
49630
89706
35765
26651
39611
35249
40701
88260
51307
74553
64957
75408
15111
54245
19800
74177
52330
22862
2892
81078
75301
3287
47607
39850
88895
73342
89670
27513
35597
56334
21179
79651
31338
88242
97850
12393
90835
30725
79344
38581
39522
28485
6913
43062
34916
93349
70892
43144
601
897
73405
44242
42792
8525
99152
80073
23164
85638
78140
5746
91616
23082
17124
28421
33362
27075
39477
39277
32134
55838
34876
89835
24794
36858
63400
8666
42097
23420
12439
26126
81711
94208
63136
69494
8784
73481
91708
31552
38309
88377
54833
21403
84524
61885
16956
53400
63146
56352
11963
84330
52360
7488
71573
84972
41768
6877
94279
87074
58370
81677
299
24087
18463
96812
86982
35429
13233
56785
2895
87956
32685
21180
83351
82105
89990
90092
76154
63584
52679
87885
50944
64005
1037
17390
26415
48411
99807
9616
35121
98351
61707
69595
99326
52903
90686
53291
54470
73540
54175
615
48029
98983
34664
62866
1251
14544
3906
63130
55663
97697
1149
40334
11447
48161
88457
26797
38591
58396
17491
88697
25275
47848
58527
75659
45475
3362
42047
21888
31506
83127
23501
75760
88187
48735
6283
59423
39849
55971
89844
34381
85488
53535
25086
84616
51861
27714
87247
86401
73143
36019
3513
75708
94809
9838
49108
26049
71790
89772
79734
21327
5599
85249
15121
41008
77531
25438
60425
7624
8412
98166
41584
62951
15890
7646
17568
47710
57678
24942
40757
8782
56685
63812
25797
61115
6879
21992
13564
3200
78451
78057
39640
39645
16481
75782
30974
38571
95507
24361
28343
52463
84561
69742
33354
31309
14375
3650
45719
12916
19798
88263
58445
62391
50644
39251
96201
2748
8032
19895
40109
26893
50342
69757
77112
34284
88299
99275
6599
3844
74902
89253
87880
40250
70939
56463
7158
90691
81125
34671
95638
65934
68960
68049
1741
30658
40352
43364
12636
28130
99345
98754
75769
70509
31260
83757
90507
37603
43570
7444
18209
96736
94648
21557
76624
3757
39855
58012
27688
49068
93855
41578
35505
2801
10016
73137
20423
83697
28965
24123
11087
1426
84677
64203
37621
88865
33063
73787
19364
71875
4233
3876
78497
45443
33901
46396
356
1130
78785
66426
92563
8909
40298
72629
42461
49056
99756
73770
17840
13257
61687
13180
13432
88015
86930
10294
40821
13936
17821
63788
93623
40786
21638
71488
77465
95441
61930
77152
88055
54167
72901
15564
77453
90890
43640
91637
98605
42656
40918
23617
46524
47565
22123
24683
99626
1917
26953
72136
76461
47677
62065
84452
4633
90163
44570
40907
79294
3630
50913
87747
66109
91287
21166
17655
83688
43879
61118
31182
69014
9875
68818
24442
65343
96707
9876
69197
92026
96128
52225
69220
20689
4491
63223
93032
80029
48970
1756
5130
66116
6877
61032
50827
75307
87983
91345
19934
89945
10056
73681
96229
63339
23199
19574
9847
30829
74125
22981
51588
31387
4989
62764
41647
57173
99871
60867
79866
96760
74139
34974
73216
35935
66531
64818
81755
54197
30210
24929
52134
22773
36048
67044
43612
12128
83015
27412
73567
62618
70672
70644
14837
15938
47703
54111
44333
71084
74205
67434
56287
96093
39179
66773
8626
82050
87332
76499
1335
19950
91604
95443
73938
14830
79461
20171
62872
63210
1424
1696
82228
61306
35600
92693
20644
30242
98354
53773
15873
99820
95464
11870
96540
87713
12157
51508
86467
75683
14180
53311
86114
48298
17289
67611
62343
61849
75881
17850
16606
39964
24317
98448
49019
85952
91856
42042
41366
4431
722
78507
7279
24423
46118
60053
12019
6742
10166
75441
84440
95509
52358
36395
53762
30845
3270
30028
70056
56618
81152
54341
63920
86955
4626
8054
93719
96578
11158
39288
54157
48766
16892
52365
48893
3283
88921
84610
28586
59859
92216
92989
96468
15115
98319
30953
68730
2524
17005
73979
70970
66965
79792
44769
79892
62986
83027
84646
94444
25490
21476
73956
48334
63842
2419
74502
48236
75458
18822
89497
96195
71497
63209
10159
27196
15355
42979
5871
68526
93595
13573
13052
42080
41709
48539
43936
72588
17741
85220
77205
27648
97254
25247
47057
83998
97200
68123
51531
73218
59113
24561
87758
1604
39278
32685
55065
43763
40151
72998
20016
10274
84493
60303
69027
36255
62504
69702
72888
61502
1385
26666
33143
48884
59248
49994
74771
14815
24635
33849
45040
15331
70524
38269
50389
29743
38582
51942
28336
90206
11796
40796
82464
66810
5350
71473
45731
20379
54457
83285
20188
39084
25041
99304
89152
61839
11813
26027
31550
11127
92375
16016
50953
58322
1711
43823
6499
46410
1748
20410
75207
10081
36870
83496
74003
48730
69178
4302
1872
75415
11827
72556
49056
60988
35994
69507
1827
62706
48985
45604
41766
28968
85849
45508
43113
23092
36886
24139
106
11383
30076
39564
19251
33599
75425
10607
49725
23142
82431
12170
64672
41719
46027
72046
64760
1169
94711
54238
94485
87300
82464
51066
59839
50488
93909
99225
81412
70892
45765
98037
29056
12860
82339
17856
1448
20157
46073
40629
23027
25666
74758
61033
73285
77216
1526
58049
4217
33806
82940
92093
65770
19046
74286
86193
95134
50153
12221
61972
20624
48159
46512
16177
77048
50556
10556
74139
48185
81726
14466
40990
63399
50898
4261
86704
46675
46358
61350
94247
51253
34809
97278
94436
45269
97823
89207
94764
96405
48705
29543
38488
96351
22353
12842
11970
42246
70939
23228
24800
60955
49062
68624
31373
6447
38010
49231
13442
66816
50876
82128
96324
90434
90005
55568
58711
59979
7921
2959
15057
97370
13026
34919
41097
31813
95909
69001
26029
75358
36668
79478
85747
85922
47706
22934
75912
46878
69406
93625
15300
49854
29687
24392
31582
6675
57510
25255
58075
66015
99552
81161
1410
34400
5394
56816
14923
36216
89183
27007
22070
99829
48165
59710
27289
19649
67742
96426
53233
9128
9794
46198
69592
18145
96810
43234
4823
52348
69487
11734
46035
91174
5841
32347
81988
63708
33364
41430
36835
74889
39876
95426
58113
88669
46553
34473
5492
12941
63477
85118
49964
2849
13035
87962
91492
76607
48442
23282
15733
45713
20790
19601
21060
26388
77000
78807
72539
14176
47147
11982
51956
47375
18615
32292
16434
59884
72508
58890
84810
94490
41220
8648
66687
35902
67515
4250
4140
38986
62762
77803
31449
4134
66174
57549
20656
7901
59048
19794
91754
6977
52093
50827
67555
37276
79262
16730
86924
75701
4594
85429
18943
90747
48046
18266
10860
32337
25655
10505
60946
25750
79583
86467
48874
6736
69803
16157
28253
86708
26197
63489
85462
29076
7021
46209
68146
53701
7130
32024
45684
11340
18911
80223
21077
85733
81368
77225
87737
89648
55587
97276
3420
44600
58268
84653
57707
77377
94145
38390
56719
19534
54004
82134
68771
87980
99295
78181
37031
60830
85585
3858
68782
29477
81062
94204
61554
89644
63014
4425
78248
73710
93316
16102
34701
44484
1030
26012
24031
27887
28580
30283
46568
63422
29833
37830
93397
87677
42231
34570
49990
50010
80679
78940
90302
20469
92141
56030
69369
32931
37882
23150
14877
87583
35292
72028
48745
17646
1664
7269
58283
56205
71864
98929
89870
91865
75159
82437
47408
36763
31000
2597
26353
47150
20255
11626
95559
84750
46903
65116
13935
52831
53467
56716
42622
94359
96880
71473
24277
73289
10607
39229
71059
90319
3361
77818
3428
65491
15875
24359
16631
94106
88168
70409
32110
82766
98654
39984
11438
97350
17032
61159
37846
54420
60171
94615
79821
13866
92997
74841
21556
95754
58135
43542
13306
99689
44611
15965
9422
75231
84560
73215
62127
44814
51370
89803
25920
46381
21159
18913
13655
29040
28356
73653
20852
98709
96270
91107
98671
38829
53821
8265
14986
7013
46715
28389
37062
70704
73186
68843
16273
85331
88995
33155
20956
33868
99682
97918
42699
1696
59583
95539
27366
35136
12208
84378
29421
45143
60969
16067
18184
77714
46334
61844
59356
44493
30431
26398
7865
51510
45122
2171
88720
89088
56031
57702
28674
93575
73076
51062
83636
87994
13001
72472
68607
17290
68974
33384
62915
26797
17376
87341
69660
96911
61738
79726
91916
96055
40
91349
37720
42641
18695
35870
38255
42429
32905
69595
30533
30579
46916
99272
76478
15024
95978
29702
89765
1986
87555
56214
50780
25261
54646
8179
41902
75127
10599
85740
2688
50294
4154
42653
86087
38772
39605
11562
33587
44796
60132
74871
77928
72100
99542
7591
78733
78710
68421
36239
51421
75677
95251
66485
66459
45512
12751
67946
31651
24414
32919
4642
38716
67519
76056
17676
65065
52755
56433
53074
13215
83409
99957
43823
66384
6318
83950
85383
49253
50208
21855
36744
16459
87565
45314
64059
55845
10613
13585
46023
37279
54233
32288
31490
94786
53478
63942
55477
94371
72546
15741
85067
38167
21074
91103
51605
26081
31045
27152
42237
62731
56865
43803
26021
83123
58088
2229
61532
17052
68966
42109
66396
96070
4026
61445
98531
38104
927
97610
4747
96986
49461
23934
57256
79551
51121
88007
85726
84735
12894
33633
73917
59874
83694
53054
34970
95064
71393
82894
18059
45670
55984
46425
86270
95580
2487
60841
8438
52129
17597
29637
46820
91759
4865
84984
48766
93436
10370
95537
29534
1261
7563
16483
3834
56847
83098
98572
67931
70208
40812
93650
20444
78503
86567
8009
49825
93988
42498
66866
94001
96130
23893
25598
93810
61289
15353
55856
23360
16080
59227
20896
63529
71792
68610
81691
56456
23092
8890
61992
2427
90253
9277
4965
93572
55617
32798
79920
48953
34659
70193
74947
47944
54974
35098
81590
32650
67690
3792
28744
17634
32034
87086
21016
26323
22828
55702
89165
35291
69367
52898
5526
74896
29123
37193
93036
39862
46298
1642
91411
27130
98621
20503
86783
95533
33561
96961
54324
29792
39864
5084
96421
29145
56915
35823
34430
24240
9445
29467
37981
67400
87803
76933
90747
28813
54632
27138
33513
89830
11541
79614
28053
22967
5973
15881
63404
35447
10679
89438
55001
30856
79733
70480
28044
2904
64137
79412
55798
53395
35231
62182
57296
68835
83941
45465
95611
95973
69086
1438
76610
99913
26679
10159
21659
46214
35089
98937
27757
41655
2909
83812
39404
71894
89029
52289
13599
70644
42663
7151
82339
86770
93629
35049
21480
25662
11735
4591
31289
93006
77835
83856
94457
77746
93378
56241
17609
87769
74387
89884
58662
82627
37005
35272
7055
83710
78574
21473
15044
37504
13169
28436
84681
53631
96420
34970
41994
63216
51479
27134
26426
34682
91088
1452
7956
54710
97308
79287
53858
13094
61088
79783
67003
52495
70702
94270
18598
93332
18226
230
71613
35952
60780
32089
80430
89615
41848
88843
12411
79978
88809
22264
94849
25982
73812
72326
36821
18632
33160
85110
48170
26111
99708
1421
10448
52237
81729
69689
69430
67595
69334
29347
62768
45369
91611
34512
35923
91735
2589
28178
64765
6178
71215
93009
68818
23790
10650
80818
45474
11997
28171
18882
31622
12729
2123
83170
77833
82836
9036
79982
48835
35641
21374
99595
88831
29806
56834
78637
36127
27689
53366
60418
46358
90540
98351
9247
68563
77342
53509
89541
93885
37479
34888
47215
57626
73096
91024
29530
10186
4789
64114
3281
22672
57296
80270
83316
78448
74116
15013
76421
64467
68346
2056
70576
56936
60795
57132
12212
17222
85474
538
22513
37100
65469
2307
69168
55337
84416
74000
2889
40471
44198
88855
68310
66977
99302
44553
97330
64678
87310
98441
32940
52694
7230
25847
76750
8217
99779
6987
32613
93967
3694
21277
65004
11474
81616
83552
48953
25879
85205
81007
15620
39156
97915
54591
56848
8763
61197
98613
35223
84132
71584
66801
81334
6089
35881
45479
17842
74603
26104
9902
76741
83475
96982
53458
70953
2290
67191
74756
44864
35785
20923
41649
74333
58373
50663
42255
34419
19618
56218
10132
43545
81232
74927
12001
15702
33299
73519
55484
97038
836
90416
26971
89705
96277
27949
5724
70748
49042
37699
21298
92599
98531
82118
54777
30698
2030
25822
74410
74293
63673
43745
79211
52906
51853
11278
37758
18497
67862
19875
6969
21016
84487
41628
59733
72197
99930
92617
1184
2937
50325
83498
71598
50227
38824
67465
1676
20894
43571
15477
50421
58760
65669
49462
42621
20288
6558
78738
88459
85866
76118
9499
30051
13155
48087
96178
76257
56140
90245
85884
79714
58869
35327
81247
49212
17671
30525
73914
66030
27981
504
93183
98898
42912
86217
18829
75023
91662
26057
27086
34540
12903
58712
60297
43422
87875
69754
57125
12834
52115
22395
87580
19078
40578
38707
41943
56129
30408
13541
11723
15715
81964
93057
87760
31399
8274
80681
45690
50982
75816
1649
96310
43621
96969
71168
3427
87214
17229
3443
52618
78652
21069
16672
9019
2223
29718
25719
66277
61664
64170
69893
44722
40431
33709
41362
94525
82584
50002
65259
63121
18404
22147
602
47839
40859
46215
21713
74715
73814
25907
41349
93396
85139
50512
22231
23662
85155
49604
33294
98206
86077
28320
11456
75585
83861
31973
97712
25529
17031
52052
84913
11301
30893
60593
67464
68668
51281
58995
69935
5670
31164
58379
96758
98711
31116
91470
39140
80297
94628
76672
83388
87733
38973
88479
43227
87149
33562
76169
33693
66425
71578
94027
88511
18572
77063
43656
83007
21026
69707
10370
88223
57784
96706
61863
34697
23048
57898
79803
16652
98432
77367
24926
57573
72030
54307
77818
40153
79690
87138
19404
44158
23280
17140
49772
38522
73976
36052
85146
26403
28452
27117
71143
56741
40070
1933
37661
33730
85851
13041
36524
24243
93383
75327
81683
96717
60110
25459
84775
79359
45996
43441
83746
24312
23187
86873
32107
76965
14879
44473
35613
78680
74711
50012
3159
2948
69889
27712
44801
97445
87586
2278
52469
51708
3698
74498
98065
78264
55960
55154
51448
73360
44295
35467
74815
98221
75892
89230
11067
27813
55123
40506
50724
43874
57357
52699
56326
43841
672
64673
21093
49909
6803
46315
84682
61900
80981
10562
32686
16714
19825
43810
42753
54897
76271
92051
23064
18562
83562
60310
33009
88349
95561
70363
65508
64293
50365
86095
89064
3551
60214
9778
38270
77048
70946
11366
88094
58054
47459
95268
31837
78183
62284
34249
30040
64646
93752
35598
93567
15900
66279
93557
58496
71442
24181
19071
79791
18885
43416
86746
21296
35555
21271
88088
60065
70225
59106
44539
91622
87407
66898
72620
62866
48979
49437
84139
43566
25138
28725
46976
55210
73917
66495
61584
68350
40552
49547
41995
13019
81126
37429
18850
51122
69296
31798
57879
16128
99396
91111
15660
42262
41162
99604
73757
18657
85554
20761
43850
57690
97433
1084
97260
18380
85003
20166
35465
59548
61058
72895
65955
88506
96492
96613
45418
65668
28715
97609
75538
13489
37525
1382
98559
79137
92636
3486
68957
24350
2120
69011
60172
43022
11424
84287
79352
64760
80840
57777
41446
54577
91493
28133
91083
19778
99323
64318
77975
97368
58839
22786
76526
29255
32808
15474
89591
6364
46216
88389
89390
66110
88697
96
3668
69535
91467
16052
59270
29285
27002
68275
66059
84271
11220
60496
84294
77286
67511
97043
39052
14691
55097
49686
34351
42743
62978
93152
83865
95866
75443
63643
73045
20243
36010
69459
70951
92993
24829
79533
90843
25124
45380
14913
16890
36939
20723
36630
16890
89915
18469
11289
84973
18040
69876
78714
82777
61427
90245
94275
25192
76432
90145
38901
18773
38963
37981
83968
79783
90439
76411
67903
86555
2602
47785
10222
48121
11800
76455
97098
13897
43219
55495
68707
77918
22924
21805
67552
50640
91984
80086
56495
6184
47058
7157
54663
11668
87441
52023
29372
730
15494
77096
33886
31657
2092
13743
42895
23467
73292
16532
7615
82136
79747
8258
23142
96260
50195
82280
93821
12727
52323
69721
83193
15037
29364
17395
78661
23860
35617
20573
14202
87299
84465
42025
37150
39979
24477
97689
279
45781
76984
39229
30698
78954
96096
90971
4085
99842
65184
28232
31781
98548
92223
36914
24980
97868
62537
40160
84770
88538
68599
66769
88303
38855
98621
13441
15027
36643
28305
13066
6298
40410
76243
17607
18047
30757
74749
18196
47556
64348
62280
26865
6923
2697
27928
31045
36853
16792
17221
24735
97780
78314
86408
53272
26862
29321
97278
35349
47313
96950
77212
80424
38637
19678
71567
38005
37811
23019
12654
91186
28808
52374
12863
50152
68389
22298
65218
8279
81743
39909
53822
2742
35150
78824
4070
44151
90956
86893
30696
81672
60747
15943
48626
99574
63235
70309
22433
7372
22584
7393
2823
74554
58804
90069
75032
4945
68198
6733
1841
27114
5942
27031
83398
7910
16515
30199
24711
33680
69948
21303
14734
85407
13111
79420
25447
71288
13457
89268
48988
80688
19587
98539
10780
8878
84413
11292
1288
45679
27489
56452
36666
97091
15647
83795
5682
95669
51945
12828
12990
27273
16754
20332
3429
55869
16999
18455
67248
59410
2922
38765
34613
30180
43335
84268
87682
15540
17782
25583
38818
64327
93228
99492
43727
89767
37949
5852
66037
28263
1714
37467
92479
56612
14018
57391
77920
44103
57681
83613
44319
2503
33954
86167
81856
28972
50618
78249
29227
2894
51187
86355
15164
66716
63673
15185
65574
2840
1189
97110
24132
12511
9171
77752
8798
61383
84098
88484
20596
81921
85223
80658
20426
64029
88750
46707
18288
45709
63247
87911
20301
81026
21193
66539
29064
9746
55261
37455
57042
35612
67050
90630
39667
17570
76192
72470
34927
39796
29955
92944
69109
50862
84350
31609
65700
3127
16161
25575
75866
20906
16889
19239
76347
79730
56395
99867
95866
55791
21901
87074
48327
66645
96480
61807
71701
96275
9837
41307
73095
34897
3515
18005
10326
92082
2218
79064
65409
96505
3088
97398
51026
52392
23086
67856
35881
5892
72590
15143
98119
71636
97435
19981
23897
44648
22076
46101
60447
86487
11598
31977
17080
67648
4925
1753
66732
31698
2975
28433
62646
29991
88654
17796
70987
80715
6400
14277
67979
22331
55301
17908
70595
81096
59708
49845
73533
97914
81329
94332
22661
99665
39735
15429
29336
60519
23742
85440
8299
92338
12945
90057
93109
97797
64880
90581
9978
32694
56645
67081
45366
16986
4196
97797
96162
42029
99555
57758
39077
89678
92820
87241
31386
38502
94076
32562
74746
89609
31153
51340
73158
40277
10836
37220
55700
63895
20136
81486
60723
32238
37999
15937
18012
89799
64864
52478
15959
60679
9510
23339
67911
75687
29752
34783
56467
34489
77680
52534
56626
92681
28587
31747
62802
18783
24924
16869
9797
85825
34509
5778
37609
69302
96851
96049
52339
68293
22476
68100
15831
83259
32152
10274
96726
56747
79825
20226
40356
18319
60841
64339
56532
56685
63711
16457
29731
31510
58909
59889
71870
15080
85232
62406
69713
85170
61125
29756
1742
37079
84701
34554
79893
4716
24397
75141
58374
2652
57172
59799
3872
39148
91129
83758
25365
46712
4705
42080
57868
48571
39210
7596
7954
59918
54983
23788
60095
99528
69145
63208
28257
47011
90022
66308
53063
40287
48728
61497
33483
50976
33332
74432
50780
18579
22134
9930
32999
77966
30982
98094
834
26196
9177
6970
41814
28536
15654
6730
65766
72089
59170
29239
4608
23788
74491
58054
3422
46936
14958
17249
10681
13722
18406
29891
67724
37160
53650
26221
49088
78227
98529
83894
11097
83653
46620
73055
73436
78058
82272
66276
11227
71436
21174
7214
52927
17846
29297
31461
9905
23930
14340
82819
24293
40590
46781
17924
79587
37360
90562
89081
31443
31690
54406
95164
98052
44690
91784
34558
16986
14952
75113
3388
42802
76514
91048
7184
76435
75717
49467
29316
754
30601
55148
35297
16993
22815
94798
42277
92662
62831
82362
42963
80180
25881
76810
65029
22264
85309
33233
46620
79906
52215
35606
93688
43582
72770
92587
1955
64270
18077
44462
69959
50006
48650
23323
50560
14531
88211
53932
29388
64313
24840
12174
4991
52279
30883
82529
14388
6057
46061
87820
55965
26890
30553
85018
82843
43892
95406
20021
16169
5638
19138
32349
83699
73808
47169
77285
92452
7166
4077
68619
56509
9503
10655
15474
93921
87185
97996
23486
77165
11082
83364
20331
29445
88773
83763
67753
19369
92360
81738
86552
97895
42510
45560
1533
7627
72181
90321
2398
67089
26822
69425
13248
91930
82877
33562
52090
45212
78356
8952
85269
16500
64944
19942
44642
55096
3463
98922
6616
68551
18733
41755
46153
61697
82586